$ANSIBLE_VAULT;1.1;AES256
31623362336531313039313265303139616631343130636463323838333562363363363565346435
3165383164636535353031626638623835396562646237300a376566303832393634353039323233
62333533376231656336313461666163656662333637636536356236356361656239663730336239
6137343034343534660a376530373937303131626638333135616664613334326534323163613734
63663536613765393065353230636338346338303162366565623437633966353930623064663163
30636538623237326132333230376239343538376539656163343738613034303463653831316236
32306166326164393232666262313737303063613430363433366366336638353734353863313235
39376165663564396365326163303836623430353266656136333562646234316138376165373164
63653535373937323730336632643038376662323565333564303331396164636364333632393161
35663633376362386437366436383165313962386639646339323835336636626461656334373936
34353139623732363637613964346133616162623333663361623136356563306363393035623563
33656634343361646164356364396235643335373564363234376235333434333438633734363563
39383330386635313361393639383833646635306432626362353162323734633936613032343764
34646537373939336466343139626437646635393836313535326364386263346439313666663737
63343830636337393738333830393239356338363630376434333765323566633865303565386138
33303933633034376236623839613832363164656439323666353136656636613037396263663931
64343031383332326661646161363632633262376663626136333135613962383830653564376533
30353663663238663635363663363063396330356138306531633732303231646463393033326539
34353833393030376136376439363731613634353730666330626133646435323632363132323130
64393539643234663938646537343938333233666462633939626332636161396335383565633639
66363966666361386231323532646337366361656565396235336435393531343262346265326262
63343039643137373664633535613230636235653039646537613233386631623663323965343064
30336435306132396631376136383933663538613161376533353365303665633430343531316461
63343132386362633633366465306432663861386362333338636636653239653664643965666236
30623332353838323336633433666361323731373533383164353938653935623666366336353036
66383430313137306566363435336332396534386636343130663339346139316465366439336439
31383835646632383763316132663634343835366166666331326338653563626265363766366631
66633164396434646337653532346335353365623330303237323365646561386466343635313731
39623163373332386630616135656239656436626365613761313866613939633635303032313031
61386264313937636665636337306535313461313739656136306239656634633539316264613063
31313330386332616630623534333332323438396662613339383462303164393830343661313836
61663331303737646462633164363731396562313636613862653636346533636163633438613962
33353861316630363237636433303762363033613836343261343434663137636338653636313364
34616666646562636136663331353139366139383539376435313730306562333261666634656139
66383730386664656533333732333932623965346630396635386465613434353036336362373135
31386239373537663834356463363532656264383565333466313563653632623735643131643365
32656561303734366134333565653736323932313735623766626237366666343362303931356562
31323435363831333132623765643166376264383066343835656230666134623365353863356263
65303439343764303237306634313761393661303962383765323464396637303736363961376161
62626631386237346665663937313266363738626165336530653637663465313739303365306266
36346632643337643832343964333366626130316363346538356663623639323835663038663730
38623662333839336465643430303735666463616131643830383564313331633963646561363965
32623038393135646561393331636665623834306161653639653961656230303430643336373538
63653366613135316530613730316438363362356338636636313861303135343365393731613662
33323732666530393330623465343434613239663538333732636635623965333039656565653539
39346164353233346364326266636634623666636530346266636534653666616433366539353039
31613532616335346533333232646337613165626364643730313861323631353365303837396561
63633366656135613762376135346165383130383534666239613338346634323163626234353365
33633030383865643233663736363533333738383164393961383835623331376564363237313566
65333864666162343165623333613230636333383332653135376139633238353865366536363664
31393932366261343262613639623764656365336361616661376437343864346538346331666335
30343866396132646231613164663936616334653064306234343434343238363939666130666361
31663337376363653037356462323863336634633837613538333166393061656633323664343463
32353835303666643663313933653935633136323266343736343563386536663763653562343361
38313230616537626662666137323762333166346532393763323438363032373363383434666462
65303738323136366135336163323134353434386663303664313834636337333237303037643631
64623863393037303635383138656564343035623432663065626134616131666563656530356437
62646534313965636439373666623534643839343065333236383364623663373564346337306130
30616635643135656261313965306237303637646262663731656565666234383136323731356533
39383434646661633838373637316230643235666364646531613138316431626332396437323563
36656234626464663134623137356238343638343937343261373535356262623661636436636134
63646466643464343664333034656530373765366437386234383366633438353335666139333830
64336438613632373263653461643063353930353766613738656639366530633730393864393030
37646437373331323330316633373139373238373832383366636436306264323264666264323961
63393561313933366236323766356365363766653563626361653662626662643061646332343362
35326565306162633561323162663264636265326632646165646134663934653462346434333834
36373764636366336565363135373262636339653039323566393134326166636432643336306232
38363632336361613936353438393130653232623635656335643034323166313830316361373133
36666138353730353963616139613339316534313435386561323939663666363634393639366433
37643666633239613037356538346365386631336364333565323166383433373961613130336563
61376562383536633334643137313239336233376532653762623734653832333866616663353662
61343065363137326138326338363033393735643836663137386633636461616631303962633739
39653061313933653238366232616365383861363563373161336136363039303335633734653164
64613530633262646165393935366665353466646637643832303235653565313535353439346435
62383731393930386130373638376434393439663233336535316465613265396234616266363831
62343334363863333235613963653533356261346366663734383634623733323266653865353733
32313032373831323965616536393337383639616332316531313738386633633531303839653665
62613538343630306434393530643662376238666364303463323232306139323763323439323464
38343762323761303531346137323435663466303965613231313833393066333633643734616139
33393966343665343935363539303834326564393464646232346165336232613666336235653039
35623531396532333834326630633765373163626633366139663465363237303537303164326262
36336633633765643864656533396635313864303035643431666564313965656434343164623932
61333238613738326530343533373734396336646433613135653765396266663564396236656538
32383736613938323966643137613766356632376635636233643463643936643332373335636435
61623130346266373135383334623761623030646163636235303038393533343161626264666431
39366363626434653265383933326163316130346430616231396236616363626264643866383833
37363066303164623835653865373933386234613330303333363965376661616662633630636662
35663838643034663735633262343966346363643430383531386561643764303833663763366461
37343266333339303936643837656432303264376638343331326465636361313932656361303863
61646566643563333336633964626664646366633030303634636231363563376162323937643865
63343063343361336561386262346466343966353433636237626137653137636132393165373633
32633038626634643137646136653764373637386534313931373337306638383430366639636630
36373363656632613866666433336436363634323339383361383636613330353033643161366434
62663134366263623763383139306337353663306231386437336238333239346335623034666365
35356638393864323264366431376666656663333262653037383039353538333433376537633539
64653236366530353039626565636366313630663638646334356136633435626164366230623565
65366465376664643264373738356530383833356463373263663464643665363638633239386130
30626433356137396634616465336236353832393038666664646564363539306333386264373136
65646438336238663138393665366435393130356263356132356630383066626461633263383730
33323961636638646439346437326162636263383533633765666162396132633630653365623432
39643831373738623439653938626666303565336337646662636564353531616534663563396231
65323138336232393830323832396435626462353532356462393761303864366164343365656463
61313730383838333662303131366662616138666264633661643665623936663434663432626262
63643536653263656636643130366262373263326164393137373631303235626534313761623132
61323636323331326338396132353035666330346334363833633335373563386362626132313934
39363433386131616335366163306636336461353336653132643165616235626636363136333932
64643332313762326266613534616335336132343361316163656533626461303936323961303539
30343638633861303737616461323931376135633235666335613161376537666334316566666562
39353464346139383733353638646363393262636239646362366233643365626535366431383038
34356435386633633335363238383437343839613439313638386332303630353930343538633734
65376231326164653232326438336139333061346438636435396431663434346533393764346234
36383937336165383838366631623737646535313662613366356162326532363366663531336463
63636362623835313530353662383530346439326662353038343731666165396362653366633131
30663264656238353239623737303738666237666531643730623933353035363538613931353631
34373539353033333738323062623132373232666330613738333534323363376439383065313432
36663330323861326332353965326166616663626163623936326434643030633634613033613139
32383663623464376332616637356635646532626131346465663761303834373130653266353061
33366138373032316264623662656637653638363237366632633965333966323330363666613062
63346331373032393264663634396262333133376465343334313830316338303561363266613331
31633938633536663465616633653065346338353531323165303132363663373462623965383039
31383765346134656333656136663963656662356237393033373533623361303930343134366238
61333735303564306435656636656630353134643938653365336232666465666335333731343130
30623330656630383066373661646133326663633935383137373966303266326435356134366536
35343330633437316237663330306664383236663465383532613334666666356463633263356436
63303537633638633664653232613965636661643433303133326263643139323165666633633364
36323234646136643131383738353662666230323166653330346565643166656532383238653536
30343330373163336631383734633335633336623133396461383265646230326166623966313439
34343430353666383262343035386634343663656266633361316133616432386665303733363830
35353862363335386232653532643130663966313534336430343263353566303236626535353032
33633936343266373431353962663062616464393238336537383134383135393738616366303866
32356330633866626166643563386539353064656636656232326163386136366462313332623536
35326338323438306337626261663332646564623762373434616461343437336638643361656363
66666662393262316235353236353931646631303565326661363337653637613236356263346637
34636363626464373066393139636537303739666439636665376663643337363964633932633134
363433633536633761393136613732633865
